[version]
appversion=0.16.0.11460
srcversion=0.16.0.11460


